Macro F1: 0.022413193002051735
Weighted F1: 0.022338024866364704
Micro F1: 0.037890625
Macro precision: 0.05045763007172936
Weighted precision: 0.051681339607567246
Micro precision: 0.037890625
Macro recall: 0.038148819376200384
Weighted recall: 0.037890625
Micro recall: 0.037890625
              precision    recall  f1-score   support

           0       0.00      0.00      0.00        28
           1       0.00      0.00      0.00        24
           2       0.00      0.00      0.00        25
           3       0.00      0.00      0.00        27
           4       0.00      0.00      0.00        29
           5       0.00      0.00      0.00        26
           6       0.00      0.00      0.00        19
           7       0.00      0.00      0.00        29
           8       0.00      0.00      0.00        23
           9       0.00      0.00      0.00        26
          10       0.00      0.00      0.00        27
          11       0.00      0.00      0.00        30
          12       1.00      0.14      0.24        29
          13       0.00      0.00      0.00        28
          14       0.00      0.00      0.00        23
          15       0.00      0.00      0.00        23
          16       0.00      0.00      0.00        27
          17       0.00      0.00      0.00        22
          18       0.00      0.00      0.00        33
          19       0.00      0.00      0.00        23
          20       0.00      0.00      0.00        22
          21       0.00      0.00      0.00        23
          22       0.00      0.00      0.00        28
          23       0.00      0.00      0.00        31
          24       0.00      0.00      0.00        27
          25       0.00      0.00      0.00        18
          26       0.00      0.00      0.00        29
          27       0.00      0.00      0.00        25
          28       0.00      0.00      0.00        21
          29       0.00      0.00      0.00        28
          30       0.00      0.00      0.00        27
          31       0.00      0.00      0.00        28
          32       0.00      0.00      0.00        25
          33       0.00      0.00      0.00        25
          34       0.00      0.00      0.00        32
          35       0.00      0.00      0.00        27
          36       0.00      0.00      0.00        33
          37       0.00      0.00      0.00        28
          38       0.00      0.00      0.00        26
          39       0.00      0.00      0.00        30
          40       0.00      0.00      0.00        24
          41       0.00      0.00      0.00        22
          42       0.00      0.00      0.00        19
          43       0.00      0.00      0.00        28
          44       0.00      0.00      0.00        28
          45       0.00      0.00      0.00        25
          46       0.00      0.00      0.00        21
          47       0.00      0.00      0.00        21
          48       0.00      0.00      0.00        20
          49       0.00      0.00      0.00        23
          50       0.00      0.00      0.00        23
          51       0.00      0.00      0.00        28
          52       0.00      0.00      0.00        26
          53       0.00      0.00      0.00        28
          54       0.00      0.00      0.00        26
          55       0.00      0.00      0.00        27
          56       0.00      0.00      0.00        24
          57       1.00      0.03      0.06        31
          58       0.00      0.00      0.00        29
          59       0.00      0.00      0.00        19
          60       0.00      0.00      0.00        27
          61       0.00      0.00      0.00        19
          62       0.00      0.00      0.00        20
          63       0.00      0.00      0.00        26
          64       0.00      0.00      0.00        26
          65       0.00      0.00      0.00        24
          66       0.00      0.00      0.00        21
          67       0.00      0.00      0.00        23
          68       0.00      0.00      0.00        29
          69       0.00      0.00      0.00        28
          70       0.00      0.00      0.00        24
          71       0.00      0.00      0.00        22
          72       0.00      0.00      0.00        25
          73       0.00      0.00      0.00        29
          74       0.00      0.00      0.00        17
          75       0.00      0.00      0.00        27
          76       0.00      0.00      0.00        16
          77       0.00      0.00      0.00        28
          78       0.00      0.00      0.00        27
          79       0.00      0.00      0.00        30
          80       0.00      0.00      0.00        25
          81       0.00      0.00      0.00        28
          82       0.00      0.00      0.00        28
          83       0.00      0.00      0.00        19
          84       0.00      0.00      0.00        25
          85       0.00      0.00      0.00        24
          86       0.50      0.08      0.14        25
          87       0.00      0.00      0.00        26
          88       0.00      0.00      0.00        31
          89       0.00      0.00      0.00        25
          90       0.00      0.00      0.00        24
          91       0.00      0.00      0.00        24
          92       0.00      0.00      0.00        26
          93       0.00      0.00      0.00        25
          94       0.00      0.00      0.00        28
          95       0.67      0.09      0.15        23
          96       0.00      0.00      0.00        23
          97       0.00      0.00      0.00        27
          98       0.00      0.00      0.00        26
          99       0.00      0.00      0.00        24
         100       0.20      0.03      0.06        29
         101       0.00      0.00      0.00        28
         102       0.00      0.00      0.00        23
         103       0.00      0.00      0.00        30
         104       0.00      0.00      0.00        28
         105       0.00      0.00      0.00        20
         106       0.00      0.00      0.00        24
         107       0.25      0.06      0.09        18
         108       0.00      0.00      0.00        24
         109       0.00      0.00      0.00        20
         110       0.67      0.07      0.12        29
         111       0.00      0.00      0.00        27
         112       0.00      0.00      0.00        23
         113       0.00      0.00      0.00        22
         114       0.00      0.00      0.00        27
         115       0.50      0.07      0.13        27
         116       0.00      0.00      0.00        24
         117       0.00      0.00      0.00        26
         118       0.00      0.00      0.00        25
         119       0.00      0.00      0.00        27
         120       0.00      0.00      0.00        32
         121       0.00      0.00      0.00        24
         122       0.00      0.00      0.00        29
         123       0.18      0.24      0.21        25
         124       0.00      0.00      0.00        32
         125       0.00      0.00      0.00        22
         126       0.00      0.00      0.00        32
         127       0.00      0.00      0.00        30
         128       0.03      0.06      0.04        17
         129       0.00      0.00      0.00        27
         130       0.00      0.00      0.00        25
         131       0.00      0.00      0.00        27
         132       0.06      0.08      0.06        26
         133       0.20      0.04      0.06        27
         134       0.56      0.20      0.29        25
         135       1.00      0.04      0.07        26
         136       0.00      0.00      0.00        25
         137       1.00      0.04      0.08        23
         138       0.00      0.00      0.00        25
         139       0.00      0.00      0.00        20
         140       0.00      0.00      0.00        25
         141       0.00      0.00      0.00        21
         142       0.12      0.07      0.09        28
         143       0.00      0.00      0.00        25
         144       0.00      0.00      0.00        31
         145       0.17      0.03      0.06        29
         146       0.00      0.00      0.00        24
         147       0.03      0.14      0.04        29
         148       0.00      0.00      0.00        31
         149       0.00      0.00      0.00        31
         150       0.00      0.00      0.00        26
         151       0.00      0.00      0.00        22
         152       0.07      0.05      0.06        19
         153       0.08      0.16      0.11        25
         154       0.11      0.15      0.12        20
         155       0.05      0.24      0.09        33
         156       0.01      0.13      0.02        23
         157       0.00      0.00      0.00        25
         158       0.00      0.00      0.00        28
         159       0.04      0.12      0.06        26
         160       0.04      0.16      0.07        25
         161       0.00      0.00      0.00        24
         162       0.03      0.18      0.05        28
         163       0.00      0.00      0.00        30
         164       0.00      0.00      0.00        29
         165       0.08      0.11      0.09        19
         166       0.00      0.00      0.00        20
         167       0.11      0.20      0.15        20
         168       0.05      0.04      0.05        24
         169       0.00      0.00      0.00        27
         170       0.00      0.00      0.00        23
         171       0.00      0.00      0.00        26
         172       0.13      0.15      0.14        27
         173       0.04      0.12      0.06        24
         174       0.06      0.22      0.09        23
         175       0.08      0.14      0.10        28
         176       0.07      0.03      0.05        30
         177       0.14      0.17      0.15        23
         178       0.00      0.00      0.00        27
         179       0.09      0.17      0.12        24
         180       0.03      0.11      0.05        28
         181       0.00      0.00      0.00        29
         182       0.11      0.03      0.05        30
         183       0.03      0.31      0.05        26
         184       0.04      0.35      0.07        23
         185       0.03      0.03      0.03        32
         186       0.03      0.07      0.04        30
         187       0.01      0.28      0.02        29
         188       0.06      0.07      0.07        27
         189       0.02      0.52      0.04        21
         190       0.09      0.53      0.15        30
         191       0.00      0.00      0.00        26
         192       0.07      0.04      0.05        28
         193       0.02      0.07      0.03        28
         194       0.00      0.00      0.00        30
         195       0.04      0.32      0.06        22
         196       0.02      0.09      0.03        22
         197       0.01      0.13      0.02        23
         198       0.00      0.00      0.00        27
         199       0.06      0.63      0.12        27

    accuracy                           0.04      5120
   macro avg       0.05      0.04      0.02      5120
weighted avg       0.05      0.04      0.02      5120

