              precision    recall  f1-score   support

           0       0.23      0.28      0.25        50
           1       0.03      0.04      0.04        50
           2       0.00      0.00      0.00        50
           3       0.00      0.00      0.00        50
           4       0.01      0.02      0.01        50
           5       0.02      0.02      0.02        50
           6       0.02      0.02      0.02        50
           7       0.02      0.02      0.02        50
           8       0.03      0.16      0.06        50
           9       0.00      0.00      0.00        50
          10       0.03      0.08      0.04        50
          11       0.00      0.00      0.00        50
          12       0.25      0.26      0.25        50
          13       0.14      0.12      0.13        50
          14       0.02      0.02      0.02        50
          15       0.00      0.00      0.00        50
          16       0.02      0.02      0.02        50
          17       0.00      0.00      0.00        50
          18       0.05      0.04      0.04        50
          19       0.00      0.00      0.00        50
          20       0.02      0.02      0.02        50
          21       0.31      0.34      0.33        50
          22       0.00      0.00      0.00        50
          23       0.03      0.02      0.02        50
          24       0.05      0.04      0.04        50
          25       0.00      0.00      0.00        50
          26       0.00      0.00      0.00        50
          27       0.00      0.00      0.00        50
          28       0.02      0.02      0.02        50
          29       0.00      0.00      0.00        50
          30       0.00      0.00      0.00        50
          31       0.02      0.02      0.02        50
          32       0.00      0.00      0.00        50
          33       0.03      0.02      0.03        50
          34       0.03      0.02      0.02        50
          35       0.04      0.04      0.04        50
          36       0.02      0.02      0.02        50
          37       0.03      0.04      0.04        50
          38       0.14      0.16      0.15        50
          39       0.00      0.00      0.00        50
          40       0.27      0.14      0.18        50
          41       0.03      0.04      0.03        50
          42       0.05      0.04      0.04        50
          43       0.06      0.04      0.05        50
          44       0.00      0.00      0.00        50
          45       0.02      0.02      0.02        50
          46       0.00      0.00      0.00        50
          47       0.06      0.08      0.07        50
          48       0.00      0.00      0.00        50
          49       0.05      0.04      0.04        50
          50       0.04      0.02      0.03        50
          51       0.00      0.00      0.00        50
          52       0.00      0.00      0.00        50
          53       0.00      0.00      0.00        50
          54       0.01      0.02      0.01        50
          55       0.02      0.02      0.02        50
          56       0.00      0.00      0.00        50
          57       0.02      0.02      0.02        50
          58       0.02      0.02      0.02        50
          59       0.00      0.00      0.00        50
          60       0.07      0.06      0.07        50
          61       0.00      0.00      0.00        50
          62       0.01      0.02      0.02        50
          63       0.03      0.04      0.03        50
          64       0.04      0.04      0.04        50
          65       0.07      0.10      0.08        50
          66       0.03      0.04      0.04        50
          67       0.00      0.00      0.00        50
          68       0.05      0.04      0.04        50
          69       0.00      0.00      0.00        50
          70       0.00      0.00      0.00        50
          71       0.00      0.00      0.00        50
          72       0.00      0.00      0.00        50
          73       0.02      0.02      0.02        50
          74       0.00      0.00      0.00        50
          75       0.01      0.02      0.02        50
          76       0.04      0.04      0.04        50
          77       0.00      0.00      0.00        50
          78       0.03      0.02      0.02        50
          79       0.02      0.02      0.02        50
          80       0.02      0.02      0.02        50
          81       0.03      0.04      0.04        50
          82       0.04      0.04      0.04        50
          83       0.00      0.00      0.00        50
          84       0.03      0.02      0.02        50
          85       0.04      0.08      0.05        50
          86       0.02      0.02      0.02        50
          87       0.02      0.02      0.02        50
          88       0.05      0.04      0.04        50
          89       0.00      0.00      0.00        50
          90       0.00      0.00      0.00        50
          91       0.02      0.02      0.02        50
          92       0.03      0.02      0.02        50
          93       0.11      0.12      0.12        50
          94       0.00      0.00      0.00        50
          95       0.05      0.04      0.04        50
          96       0.05      0.04      0.05        50
          97       0.05      0.06      0.06        50
          98       0.00      0.00      0.00        50
          99       0.03      0.02      0.02        50
         100       0.03      0.02      0.02        50
         101       0.00      0.00      0.00        50
         102       0.00      0.00      0.00        50
         103       0.04      0.14      0.06        50
         104       0.02      0.04      0.03        50
         105       0.07      0.08      0.08        50
         106       0.00      0.00      0.00        50
         107       0.14      0.10      0.11        50
         108       0.06      0.06      0.06        50
         109       0.03      0.02      0.02        50
         110       0.02      0.02      0.02        50
         111       0.00      0.00      0.00        50
         112       0.00      0.00      0.00        50
         113       0.02      0.02      0.02        50
         114       0.02      0.02      0.02        50
         115       0.32      0.18      0.23        50
         116       0.00      0.00      0.00        50
         117       0.00      0.00      0.00        50
         118       0.00      0.00      0.00        50
         119       0.02      0.02      0.02        50
         120       0.00      0.00      0.00        50
         121       0.06      0.04      0.05        50
         122       0.01      0.02      0.02        50
         123       0.07      0.18      0.10        50
         124       0.08      0.06      0.07        50
         125       0.03      0.02      0.02        50
         126       0.03      0.02      0.02        50
         127       0.02      0.02      0.02        50
         128       0.02      0.02      0.02        50
         129       0.00      0.00      0.00        50
         130       0.03      0.02      0.02        50
         131       0.00      0.00      0.00        50
         132       0.02      0.02      0.02        50
         133       0.03      0.02      0.02        50
         134       0.11      0.16      0.13        50
         135       0.00      0.00      0.00        50
         136       0.03      0.02      0.02        50
         137       0.12      0.08      0.10        50
         138       0.00      0.00      0.00        50
         139       0.00      0.00      0.00        50
         140       0.00      0.00      0.00        50
         141       0.03      0.10      0.05        50
         142       0.12      0.12      0.12        50
         143       0.00      0.00      0.00        50
         144       0.04      0.02      0.03        50
         145       0.02      0.02      0.02        50
         146       0.03      0.02      0.02        50
         147       0.00      0.00      0.00        50
         148       0.02      0.02      0.02        50
         149       0.02      0.02      0.02        50
         150       0.00      0.00      0.00        50
         151       0.00      0.00      0.00        50
         152       0.00      0.00      0.00        50
         153       0.02      0.02      0.02        50
         154       0.00      0.00      0.00        50
         155       0.00      0.00      0.00        50
         156       0.02      0.02      0.02        50
         157       0.00      0.00      0.00        50
         158       0.00      0.00      0.00        50
         159       0.03      0.02      0.02        50
         160       0.00      0.00      0.00        50
         161       0.01      0.02      0.02        50
         162       0.03      0.04      0.03        50
         163       0.06      0.04      0.05        50
         164       0.00      0.00      0.00        50
         165       0.04      0.30      0.07        50
         166       0.02      0.02      0.02        50
         167       0.11      0.04      0.06        50
         168       0.00      0.00      0.00        50
         169       0.03      0.02      0.02        50
         170       0.00      0.00      0.00        50
         171       0.00      0.00      0.00        50
         172       0.04      0.02      0.03        50
         173       0.06      0.04      0.05        50
         174       0.03      0.02      0.02        50
         175       0.05      0.04      0.05        50
         176       0.04      0.02      0.03        50
         177       0.15      0.14      0.14        50
         178       0.14      0.10      0.12        50
         179       0.08      0.10      0.09        50
         180       0.00      0.00      0.00        50
         181       0.04      0.02      0.03        50
         182       0.17      0.12      0.14        50
         183       0.03      0.02      0.03        50
         184       0.03      0.02      0.02        50
         185       0.02      0.02      0.02        50
         186       0.00      0.00      0.00        50
         187       0.00      0.00      0.00        50
         188       0.05      0.06      0.05        50
         189       0.08      0.10      0.09        50
         190       0.04      0.02      0.03        50
         191       0.00      0.00      0.00        50
         192       0.09      0.10      0.10        50
         193       0.00      0.00      0.00        50
         194       0.02      0.02      0.02        50
         195       0.16      0.08      0.11        50
         196       0.00      0.00      0.00        50
         197       0.00      0.00      0.00        50
         198       0.02      0.02      0.02        50
         199       0.15      0.10      0.12        50

    accuracy                           0.03     10000
   macro avg       0.03      0.03      0.03     10000
weighted avg       0.03      0.03      0.03     10000
