Data loaded:
  X_train: (100000, 12288)
  X_val:   (10000, 12288)

Preprocessing data...
Applying PCA: reducing to 200 components...
Preprocessed shapes: X_train=(100000, 200), X_val=(10000, 200)

Training Linear SVM...
Initialized model: C = 1.0, max_iter = 5000
Total time for training: 2764.06 seconds

Evaluating on training set...
Training Accuracy: 0.0873

Evaluating on testing set...

Summary Metrics:
Accuracy:  0.0635
Precision: 0.0450
Recall:    0.0635
F1 Score:  0.0353

Classification Report:
              precision    recall  f1-score   support

           0       0.09      0.40      0.15        50
           1       0.00      0.00      0.00        50
           2       0.00      0.00      0.00        50
           3       0.00      0.00      0.00        50
           4       0.00      0.00      0.00        50
           5       0.00      0.00      0.00        50
           6       0.00      0.00      0.00        50
           7       0.00      0.00      0.00        50
           8       0.14      0.28      0.18        50
           9       0.08      0.02      0.03        50
          10       0.00      0.00      0.00        50
          11       0.40      0.04      0.07        50
          12       0.11      0.64      0.19        50
          13       0.11      0.10      0.11        50
          14       0.00      0.00      0.00        50
          15       0.08      0.02      0.03        50
          16       0.02      0.02      0.02        50
          17       0.06      0.06      0.06        50
          18       0.07      0.02      0.03        50
          19       0.05      0.02      0.03        50
          20       0.04      0.02      0.03        50
          21       0.14      0.58      0.22        50
          22       0.00      0.00      0.00        50
          23       0.00      0.00      0.00        50
          24       0.00      0.00      0.00        50
          25       0.00      0.00      0.00        50
          26       0.00      0.00      0.00        50
          27       0.00      0.00      0.00        50
          28       0.10      0.02      0.03        50
          29       0.00      0.00      0.00        50
          30       0.00      0.00      0.00        50
          31       0.00      0.00      0.00        50
          32       0.00      0.00      0.00        50
          33       0.06      0.10      0.07        50
          34       0.07      0.04      0.05        50
          35       0.00      0.00      0.00        50
          36       0.03      0.02      0.02        50
          37       0.00      0.00      0.00        50
          38       0.07      0.04      0.05        50
          39       0.09      0.14      0.11        50
          40       0.09      0.48      0.15        50
          41       0.00      0.00      0.00        50
          42       0.00      0.00      0.00        50
          43       0.00      0.00      0.00        50
          44       0.00      0.00      0.00        50
          45       0.05      0.26      0.08        50
          46       0.00      0.00      0.00        50
          47       1.00      0.02      0.04        50
          48       0.00      0.00      0.00        50
          49       0.14      0.04      0.06        50
          50       0.02      0.04      0.03        50
          51       0.00      0.00      0.00        50
          52       0.12      0.02      0.03        50
          53       0.08      0.14      0.10        50
          54       0.00      0.00      0.00        50
          55       0.05      0.16      0.08        50
          56       0.00      0.00      0.00        50
          57       0.05      0.20      0.08        50
          58       0.00      0.00      0.00        50
          59       0.08      0.02      0.03        50
          60       0.07      0.22      0.11        50
          61       0.00      0.00      0.00        50
          62       0.07      0.06      0.07        50
          63       0.00      0.00      0.00        50
          64       0.03      0.04      0.03        50
          65       0.09      0.20      0.12        50
          66       0.07      0.02      0.03        50
          67       0.00      0.00      0.00        50
          68       0.08      0.16      0.10        50
          69       0.00      0.00      0.00        50
          70       0.00      0.00      0.00        50
          71       0.00      0.00      0.00        50
          72       0.00      0.00      0.00        50
          73       0.00      0.00      0.00        50
          74       0.06      0.28      0.10        50
          75       0.04      0.02      0.03        50
          76       0.07      0.04      0.05        50
          77       0.00      0.00      0.00        50
          78       0.00      0.00      0.00        50
          79       0.07      0.02      0.03        50
          80       0.00      0.00      0.00        50
          81       0.00      0.00      0.00        50
          82       0.12      0.32      0.18        50
          83       0.00      0.00      0.00        50
          84       0.00      0.00      0.00        50
          85       0.00      0.00      0.00        50
          86       0.04      0.08      0.06        50
          87       0.00      0.00      0.00        50
          88       0.06      0.06      0.06        50
          89       0.07      0.02      0.03        50
          90       0.00      0.00      0.00        50
          91       0.00      0.00      0.00        50
          92       0.05      0.06      0.05        50
          93       0.04      0.20      0.07        50
          94       0.00      0.00      0.00        50
          95       0.07      0.28      0.11        50
          96       0.05      0.02      0.03        50
          97       0.00      0.00      0.00        50
          98       0.00      0.00      0.00        50
          99       0.00      0.00      0.00        50
         100       0.06      0.08      0.07        50
         101       0.00      0.00      0.00        50
         102       0.06      0.02      0.03        50
         103       0.00      0.00      0.00        50
         104       0.00      0.00      0.00        50
         105       0.01      0.02      0.01        50
         106       0.09      0.02      0.03        50
         107       0.11      0.34      0.17        50
         108       0.06      0.04      0.05        50
         109       0.06      0.30      0.10        50
         110       0.06      0.04      0.05        50
         111       0.00      0.00      0.00        50
         112       0.00      0.00      0.00        50
         113       0.03      0.04      0.04        50
         114       0.20      0.06      0.09        50
         115       0.08      0.34      0.13        50
         116       0.00      0.00      0.00        50
         117       0.02      0.02      0.02        50
         118       0.00      0.00      0.00        50
         119       0.00      0.00      0.00        50
         120       0.00      0.00      0.00        50
         121       0.00      0.00      0.00        50
         122       1.00      0.02      0.04        50
         123       0.06      0.36      0.10        50
         124       0.05      0.12      0.07        50
         125       0.00      0.00      0.00        50
         126       0.00      0.00      0.00        50
         127       0.00      0.00      0.00        50
         128       0.00      0.00      0.00        50
         129       0.00      0.00      0.00        50
         130       0.00      0.00      0.00        50
         131       0.00      0.00      0.00        50
         132       0.07      0.16      0.10        50
         133       0.03      0.02      0.02        50
         134       0.08      0.38      0.14        50
         135       0.09      0.02      0.03        50
         136       0.00      0.00      0.00        50
         137       0.01      0.02      0.01        50
         138       0.00      0.00      0.00        50
         139       0.00      0.00      0.00        50
         140       0.00      0.00      0.00        50
         141       0.12      0.06      0.08        50
         142       0.02      0.06      0.03        50
         143       0.05      0.04      0.04        50
         144       0.00      0.00      0.00        50
         145       0.17      0.02      0.04        50
         146       0.00      0.00      0.00        50
         147       0.00      0.00      0.00        50
         148       0.00      0.00      0.00        50
         149       0.14      0.04      0.06        50
         150       0.00      0.00      0.00        50
         151       0.00      0.00      0.00        50
         152       0.09      0.14      0.11        50
         153       0.04      0.02      0.03        50
         154       0.06      0.20      0.10        50
         155       0.05      0.22      0.09        50
         156       0.00      0.00      0.00        50
         157       0.00      0.00      0.00        50
         158       0.00      0.00      0.00        50
         159       0.07      0.28      0.11        50
         160       0.00      0.00      0.00        50
         161       0.00      0.00      0.00        50
         162       0.04      0.12      0.06        50
         163       0.12      0.04      0.06        50
         164       0.00      0.00      0.00        50
         165       0.05      0.12      0.07        50
         166       0.00      0.00      0.00        50
         167       0.07      0.16      0.09        50
         168       0.00      0.00      0.00        50
         169       0.00      0.00      0.00        50
         170       0.00      0.00      0.00        50
         171       0.00      0.00      0.00        50
         172       0.03      0.08      0.05        50
         173       0.00      0.00      0.00        50
         174       0.00      0.00      0.00        50
         175       0.08      0.10      0.09        50
         176       0.02      0.04      0.03        50
         177       0.08      0.28      0.13        50
         178       0.02      0.02      0.02        50
         179       0.10      0.38      0.16        50
         180       0.03      0.02      0.02        50
         181       0.09      0.42      0.14        50
         182       0.06      0.18      0.09        50
         183       0.04      0.02      0.03        50
         184       0.00      0.00      0.00        50
         185       0.13      0.04      0.06        50
         186       0.00      0.00      0.00        50
         187       0.00      0.00      0.00        50
         188       0.10      0.24      0.14        50
         189       0.00      0.00      0.00        50
         190       0.04      0.10      0.05        50
         191       0.00      0.00      0.00        50
         192       0.08      0.14      0.10        50
         193       0.00      0.00      0.00        50
         194       0.00      0.00      0.00        50
         195       0.07      0.20      0.10        50
         196       0.00      0.00      0.00        50
         197       0.00      0.00      0.00        50
         198       0.00      0.00      0.00        50
         199       0.09      0.44      0.15        50

    accuracy                           0.06     10000
   macro avg       0.05      0.06      0.04     10000
weighted avg       0.05      0.06      0.04     10000


Confusion Matrix:
[[20  0  0 ...  0  0  5]
 [ 0  0  0 ...  0  0  0]
 [ 0  1  0 ...  0  0  1]
 ...
 [ 0  0  0 ...  0  0  1]
 [ 3  0  0 ...  0  0  1]
 [ 4  0  0 ...  0  0 22]]

Normalize Confusion Matrix:
[[0.4  0.   0.   ... 0.   0.   0.1 ]
 [0.   0.   0.   ... 0.   0.   0.  ]
 [0.   0.02 0.   ... 0.   0.   0.02]
 ...
 [0.   0.   0.   ... 0.   0.   0.02]
 [0.06 0.   0.   ... 0.   0.   0.02]
 [0.08 0.   0.   ... 0.   0.   0.44]]