Macro F1: 0.009581989737131112
Weighted F1: 0.010008880113561264
Micro F1: 0.03125
Macro precision: 0.010070877493097737
Weighted precision: 0.010175309374598141
Micro precision: 0.03125
Macro recall: 0.029157696558411404
Weighted recall: 0.03125
Micro recall: 0.03125
              precision    recall  f1-score   support

           0       0.00      0.00      0.00        20
           1       0.00      0.00      0.00        24
           2       0.00      0.00      0.00        25
           3       0.00      0.00      0.00        25
           4       0.00      0.00      0.00        26
           5       0.00      0.00      0.00        32
           6       0.00      0.00      0.00        28
           7       0.00      0.00      0.00        27
           8       0.00      0.00      0.00        23
           9       0.00      0.00      0.00        28
          10       0.00      0.00      0.00        14
          11       0.00      0.00      0.00        24
          12       0.71      0.19      0.30        26
          13       0.00      0.00      0.00        21
          14       0.00      0.00      0.00        26
          15       0.00      0.00      0.00        29
          16       0.00      0.00      0.00        28
          17       0.00      0.00      0.00        27
          18       0.00      0.00      0.00        22
          19       0.00      0.00      0.00        29
          20       0.00      0.00      0.00        26
          21       0.00      0.00      0.00        30
          22       0.00      0.00      0.00        28
          23       0.00      0.00      0.00        32
          24       0.00      0.00      0.00        26
          25       0.00      0.00      0.00        29
          26       0.00      0.00      0.00        33
          27       0.00      0.00      0.00        29
          28       0.00      0.00      0.00        31
          29       0.00      0.00      0.00        26
          30       0.00      0.00      0.00        24
          31       0.00      0.00      0.00        26
          32       0.00      0.00      0.00        28
          33       0.00      0.00      0.00        23
          34       0.00      0.00      0.00        25
          35       0.00      0.00      0.00        24
          36       0.00      0.00      0.00        30
          37       0.00      0.00      0.00        20
          38       0.00      0.00      0.00        24
          39       0.00      0.00      0.00        20
          40       0.00      0.00      0.00        27
          41       0.00      0.00      0.00        19
          42       0.00      0.00      0.00        30
          43       0.00      0.00      0.00        22
          44       0.00      0.00      0.00        20
          45       0.00      0.00      0.00        26
          46       0.00      0.00      0.00        30
          47       0.00      0.00      0.00        25
          48       0.00      0.00      0.00        21
          49       0.00      0.00      0.00        32
          50       0.00      0.00      0.00        24
          51       0.00      0.00      0.00        20
          52       0.00      0.00      0.00        25
          53       0.00      0.00      0.00        16
          54       0.00      0.00      0.00        23
          55       0.00      0.00      0.00        24
          56       0.00      0.00      0.00        22
          57       0.00      0.00      0.00        23
          58       0.00      0.00      0.00        29
          59       0.00      0.00      0.00        28
          60       0.00      0.00      0.00        30
          61       0.00      0.00      0.00        22
          62       0.00      0.00      0.00        20
          63       0.00      0.00      0.00        29
          64       0.00      0.00      0.00        20
          65       0.00      0.00      0.00        23
          66       0.00      0.00      0.00        25
          67       0.00      0.00      0.00        19
          68       0.00      0.00      0.00        29
          69       0.00      0.00      0.00        22
          70       0.00      0.00      0.00        25
          71       0.00      0.00      0.00        29
          72       0.00      0.00      0.00        25
          73       0.00      0.00      0.00        28
          74       0.00      0.00      0.00        25
          75       0.00      0.00      0.00        26
          76       0.00      0.00      0.00        23
          77       0.00      0.00      0.00        21
          78       0.00      0.00      0.00        31
          79       0.00      0.00      0.00        26
          80       0.00      0.00      0.00        24
          81       0.00      0.00      0.00        24
          82       0.00      0.00      0.00        27
          83       0.00      0.00      0.00        25
          84       0.00      0.00      0.00        29
          85       0.00      0.00      0.00        23
          86       0.00      0.00      0.00        21
          87       0.00      0.00      0.00        24
          88       0.00      0.00      0.00        24
          89       0.00      0.00      0.00        19
          90       0.00      0.00      0.00        24
          91       0.00      0.00      0.00        33
          92       0.00      0.00      0.00        26
          93       0.00      0.00      0.00        26
          94       0.00      0.00      0.00        25
          95       0.00      0.00      0.00        29
          96       0.00      0.00      0.00        25
          97       0.00      0.00      0.00        27
          98       0.00      0.00      0.00        30
          99       0.00      0.00      0.00        22
         100       0.00      0.00      0.00        24
         101       0.00      0.00      0.00        24
         102       0.00      0.00      0.00        18
         103       0.00      0.00      0.00        24
         104       0.00      0.00      0.00        23
         105       0.00      0.00      0.00        29
         106       0.00      0.00      0.00        25
         107       0.00      0.00      0.00        27
         108       0.00      0.00      0.00        25
         109       0.00      0.00      0.00        27
         110       0.00      0.00      0.00        22
         111       0.00      0.00      0.00        30
         112       0.00      0.00      0.00        27
         113       0.00      0.00      0.00        20
         114       0.00      0.00      0.00        29
         115       0.00      0.00      0.00        28
         116       0.00      0.00      0.00        20
         117       0.00      0.00      0.00        27
         118       0.00      0.00      0.00        28
         119       0.00      0.00      0.00        21
         120       0.00      0.00      0.00        23
         121       0.00      0.00      0.00        20
         122       0.00      0.00      0.00        28
         123       0.00      0.00      0.00        24
         124       0.00      0.00      0.00        25
         125       0.00      0.00      0.00        33
         126       0.00      0.00      0.00        24
         127       0.00      0.00      0.00        24
         128       0.00      0.00      0.00        18
         129       0.00      0.00      0.00        28
         130       0.00      0.00      0.00        23
         131       0.00      0.00      0.00        33
         132       0.00      0.00      0.00        23
         133       0.00      0.00      0.00        31
         134       0.00      0.00      0.00        27
         135       0.00      0.00      0.00        30
         136       0.00      0.00      0.00        27
         137       0.00      0.00      0.00        27
         138       0.00      0.00      0.00        28
         139       0.00      0.00      0.00        27
         140       0.00      0.00      0.00        27
         141       0.00      0.00      0.00        22
         142       0.00      0.00      0.00        25
         143       0.00      0.00      0.00        21
         144       0.00      0.00      0.00        26
         145       0.00      0.00      0.00        21
         146       0.00      0.00      0.00        26
         147       0.00      0.00      0.00        25
         148       0.00      0.00      0.00        27
         149       0.00      0.00      0.00        29
         150       0.00      0.00      0.00        28
         151       0.00      0.00      0.00        31
         152       0.00      0.00      0.00        25
         153       0.00      0.00      0.00        23
         154       0.00      0.00      0.00        26
         155       0.00      0.00      0.00        22
         156       0.00      0.00      0.00        32
         157       0.00      0.00      0.00        30
         158       0.00      0.00      0.00        22
         159       0.11      0.09      0.10        22
         160       0.00      0.00      0.00        27
         161       0.00      0.00      0.00        24
         162       0.00      0.00      0.00        26
         163       0.00      0.00      0.00        32
         164       0.00      0.00      0.00        22
         165       0.00      0.00      0.00        24
         166       0.00      0.00      0.00        25
         167       0.00      0.00      0.00        32
         168       0.00      0.00      0.00        27
         169       0.00      0.00      0.00        26
         170       0.00      0.00      0.00        20
         171       0.02      0.04      0.03        27
         172       0.04      0.07      0.05        27
         173       0.00      0.00      0.00        30
         174       0.00      0.00      0.00        28
         175       0.00      0.00      0.00        30
         176       0.00      0.00      0.00        26
         177       0.14      0.37      0.21        27
         178       0.20      0.04      0.07        25
         179       0.09      0.46      0.15        28
         180       0.07      0.11      0.09        27
         181       0.05      0.46      0.09        26
         182       0.06      0.27      0.10        26
         183       0.01      0.04      0.02        28
         184       0.00      0.00      0.00        31
         185       0.04      0.16      0.06        25
         186       0.00      0.00      0.00        25
         187       0.00      0.00      0.00        25
         188       0.14      0.06      0.08        18
         189       0.01      0.03      0.01        31
         190       0.08      0.62      0.15        32
         191       0.04      0.26      0.07        34
         192       0.03      0.56      0.05        27
         193       0.06      0.52      0.11        29
         194       0.00      0.00      0.00        23
         195       0.01      0.17      0.02        24
         196       0.01      0.27      0.02        22
         197       0.01      0.32      0.02        31
         198       0.00      0.06      0.01        17
         199       0.06      0.65      0.12        26

    accuracy                           0.03      5120
   macro avg       0.01      0.03      0.01      5120
weighted avg       0.01      0.03      0.01      5120

